 RDENS  1272
 0.100990E-01 0.100990E-01 0.100990E-01 0.100990E-01 0.100990E-01 0.100990E-01
 0.100990E-01 0.100990E-01 0.100990E-01 0.100990E-01 0.100000E-03 0.100990E-01
 0.100990E-01 0.100990E-01 0.100990E-01 0.100990E-01 0.100990E-01 0.675488E-02
 0.675488E-02 0.100990E-01 0.100990E-01 0.100990E-01 0.100990E-01 0.100990E-01
 0.100990E-01 0.100000E-03 0.100990E-01 0.100990E-01 0.100990E-01 0.100990E-01
 0.100990E-01 0.100990E-01 0.675488E-02 0.675488E-02 0.675488E-02 0.675488E-02
 0.675488E-02 0.675488E-02 0.675488E-02 0.675488E-02 0.100990E-01 0.100990E-01
 0.100990E-01 0.100990E-01 0.100990E-01 0.100990E-01 0.100000E-03 0.100990E-01
 0.100990E-01 0.100990E-01 0.100990E-01 0.100990E-01 0.675488E-02 0.675488E-02
 0.675488E-02 0.267529E-01 0.267529E-01 0.267529E-01 0.267529E-01 0.267529E-01
 0.675488E-02 0.675488E-02 0.100990E-01 0.100990E-01 0.100990E-01 0.100990E-01
 0.100990E-01 0.100000E-03 0.100990E-01 0.100990E-01 0.100990E-01 0.100990E-01
 0.100990E-01 0.100990E-01 0.100990E-01 0.675488E-02 0.675488E-02 0.675488E-02
 0.267529E-01 0.267529E-01 0.467509E-01 0.667489E-01 0.667489E-01 0.467509E-01
 0.267529E-01 0.675488E-02 0.675488E-02 0.675488E-02 0.100990E-01 0.100990E-01
 0.100990E-01 0.100990E-01 0.100990E-01 0.267529E-01 0.100000E-03 0.100990E-01
 0.100990E-01 0.100990E-01 0.100990E-01 0.100990E-01 0.675488E-02 0.675488E-02
 0.675488E-02 0.675488E-02 0.267529E-01 0.267529E-01 0.467509E-01 0.667489E-01
 0.864225E-01 0.864225E-01 0.664245E-01 0.467509E-01 0.267529E-01 0.675488E-02
 0.675488E-02 0.675488E-02 0.100990E-01 0.100990E-01 0.100990E-01 0.675488E-02
 0.675488E-02 0.867469E-01 0.100990E-01 0.100990E-01 0.100990E-01 0.100990E-01
 0.100990E-01 0.675488E-02 0.675488E-02 0.675488E-02 0.675488E-02 0.267529E-01
 0.267529E-01 0.387331E-01 0.467509E-01 0.664245E-01 0.106420E+00 0.130069E+00
 0.130069E+00 0.110071E+00 0.664245E-01 0.535190E-01 0.267529E-01 0.267529E-01
 0.675488E-02 0.675488E-02 0.675488E-02 0.675488E-02 0.675488E-02 0.267529E-01
 0.100990E-01 0.100990E-01 0.100990E-01 0.100990E-01 0.100990E-01 0.100990E-01
 0.100990E-01 0.675488E-02 0.675488E-02 0.675488E-02 0.267529E-01 0.267529E-01
 0.267529E-01 0.467509E-01 0.667489E-01 0.864225E-01 0.110071E+00 0.130069E+00
 0.150067E+00 0.170061E+00 0.150067E+00 0.110071E+00 0.664245E-01 0.467509E-01
 0.467509E-01 0.267529E-01 0.267529E-01 0.267529E-01 0.267529E-01 0.267529E-01
 0.675488E-02 0.100990E-01 0.100990E-01 0.100990E-01 0.100990E-01 0.100990E-01
 0.100990E-01 0.675488E-02 0.675488E-02 0.675488E-02 0.267529E-01 0.267529E-01
 0.267529E-01 0.467509E-01 0.467509E-01 0.667489E-01 0.864225E-01 0.110071E+00
 0.130069E+00 0.170061E+00 0.189563E+00 0.189563E+00 0.189563E+00 0.150067E+00
 0.110071E+00 0.864225E-01 0.667489E-01 0.467509E-01 0.467509E-01 0.467509E-01
 0.467509E-01 0.267529E-01 0.675488E-02 0.675488E-02 0.100990E-01 0.100990E-01
 0.675488E-02 0.100990E-01 0.675488E-02 0.675488E-02 0.675488E-02 0.267529E-01
 0.267529E-01 0.467509E-01 0.467509E-01 0.667489E-01 0.667489E-01 0.864225E-01
 0.110071E+00 0.130069E+00 0.150067E+00 0.189563E+00 0.209540E+00 0.209540E+00
 0.209540E+00 0.209540E+00 0.189563E+00 0.170061E+00 0.130069E+00 0.110071E+00
 0.864225E-01 0.864225E-01 0.667489E-01 0.667489E-01 0.267529E-01 0.675488E-02
 0.675488E-02 0.100990E-01 0.100990E-01 0.100000E-03 0.675488E-02 0.675488E-02
 0.675488E-02 0.267529E-01 0.267529E-01 0.267529E-01 0.467509E-01 0.467509E-01
 0.667489E-01 0.864225E-01 0.106420E+00 0.110071E+00 0.130069E+00 0.150067E+00
 0.170061E+00 0.189563E+00 0.209540E+00 0.209540E+00 0.209540E+00 0.209540E+00
 0.209540E+00 0.209540E+00 0.209540E+00 0.189563E+00 0.150067E+00 0.130069E+00
 0.110071E+00 0.864225E-01 0.667489E-01 0.467509E-01 0.267529E-01 0.675488E-02
 0.100990E-01 0.100990E-01 0.100990E-01 0.100990E-01 0.100990E-01 0.100990E-01
 0.675488E-02 0.267529E-01 0.467509E-01 0.467509E-01 0.664245E-01 0.864225E-01
 0.110071E+00 0.130069E+00 0.150067E+00 0.170061E+00 0.189563E+00 0.189563E+00
 0.209540E+00 0.209540E+00 0.209540E+00 0.231597E+00 0.231597E+00 0.231597E+00
 0.231597E+00 0.231597E+00 0.209540E+00 0.209540E+00 0.189563E+00 0.170061E+00
 0.150067E+00 0.110071E+00 0.664245E-01 0.467509E-01 0.267529E-01 0.675488E-02
 0.100990E-01 0.100990E-01 0.100990E-01 0.100990E-01 0.100000E-03 0.100990E-01
 0.100990E-01 0.675488E-02 0.675488E-02 0.467509E-01 0.667489E-01 0.110071E+00
 0.140858E+00 0.170061E+00 0.189563E+00 0.209540E+00 0.209540E+00 0.209540E+00
 0.209540E+00 0.231597E+00 0.231597E+00 0.231597E+00 0.231597E+00 0.231597E+00
 0.231597E+00 0.231597E+00 0.231597E+00 0.231597E+00 0.209540E+00 0.209540E+00
 0.209540E+00 0.170061E+00 0.130069E+00 0.864225E-01 0.467509E-01 0.267529E-01
 0.675488E-02 0.675488E-02 0.100990E-01 0.100990E-01 0.100990E-01 0.100000E-03
 0.100990E-01 0.100990E-01 0.100990E-01 0.675488E-02 0.675488E-02 0.267529E-01
 0.664245E-01 0.130069E+00 0.189563E+00 0.209540E+00 0.209540E+00 0.209540E+00
 0.231597E+00 0.231597E+00 0.231597E+00 0.231597E+00 0.231597E+00 0.231597E+00
 0.231597E+00 0.231597E+00 0.231597E+00 0.231597E+00 0.231597E+00 0.231597E+00
 0.231597E+00 0.209540E+00 0.209540E+00 0.189563E+00 0.150067E+00 0.106420E+00
 0.667489E-01 0.267529E-01 0.267529E-01 0.675488E-02 0.675488E-02 0.100990E-01
 0.100990E-01 0.100990E-01 0.100990E-01 0.100990E-01 0.100990E-01 0.675488E-02
 0.267529E-01 0.467509E-01 0.864225E-01 0.150067E+00 0.209540E+00 0.209540E+00
 0.231597E+00 0.231597E+00 0.231597E+00 0.231597E+00 0.231597E+00 0.231597E+00
 0.231597E+00 0.231597E+00 0.231597E+00 0.231597E+00 0.231597E+00 0.231597E+00
 0.231597E+00 0.231597E+00 0.231597E+00 0.231597E+00 0.209540E+00 0.209540E+00
 0.170061E+00 0.110071E+00 0.651003E-01 0.467509E-01 0.267529E-01 0.675488E-02
 0.675488E-02 0.100990E-01 0.100990E-01 0.100990E-01 0.100990E-01 0.100990E-01
 0.100990E-01 0.675488E-02 0.675488E-02 0.267529E-01 0.467509E-01 0.864225E-01
 0.170065E+00 0.209540E+00 0.231597E+00 0.231597E+00 0.231597E+00 0.231597E+00
 0.231597E+00 0.231597E+00 0.231597E+00 0.231597E+00 0.231597E+00 0.231597E+00
 0.231597E+00 0.231597E+00 0.231597E+00 0.231597E+00 0.231597E+00 0.231597E+00
 0.231597E+00 0.209540E+00 0.209540E+00 0.189563E+00 0.130069E+00 0.864225E-01
 0.467509E-01 0.267529E-01 0.267529E-01 0.675488E-02 0.675488E-02 0.100990E-01
 0.100990E-01 0.100990E-01 0.100990E-01 0.100990E-01 0.100990E-01 0.675488E-02
 0.267529E-01 0.267529E-01 0.616086E-01 0.110071E+00 0.189563E+00 0.209540E+00
 0.231597E+00 0.231597E+00 0.231597E+00 0.231597E+00 0.231597E+00 0.231597E+00
 0.231597E+00 0.231597E+00 0.231597E+00 0.231597E+00 0.231597E+00 0.231597E+00
 0.231597E+00 0.231597E+00 0.231597E+00 0.231597E+00 0.231597E+00 0.231597E+00
 0.209540E+00 0.189563E+00 0.150067E+00 0.110071E+00 0.667489E-01 0.467509E-01
 0.267529E-01 0.267529E-01 0.675488E-02 0.675488E-02 0.100990E-01 0.100990E-01
 0.100990E-01 0.100990E-01 0.675488E-02 0.675488E-02 0.267529E-01 0.467509E-01
 0.864225E-01 0.150067E+00 0.209540E+00 0.231597E+00 0.231597E+00 0.231597E+00
 0.231597E+00 0.231597E+00 0.231597E+00 0.266703E+00 0.266703E+00 0.266703E+00
 0.266703E+00 0.266703E+00 0.231597E+00 0.231597E+00 0.231597E+00 0.231597E+00
 0.231597E+00 0.231597E+00 0.231597E+00 0.231597E+00 0.209540E+00 0.209540E+00
 0.170061E+00 0.130069E+00 0.864225E-01 0.667489E-01 0.467509E-01 0.267529E-01
 0.675488E-02 0.675488E-02 0.100990E-01 0.100990E-01 0.100990E-01 0.100990E-01
 0.675488E-02 0.267529E-01 0.267529E-01 0.667489E-01 0.110071E+00 0.170061E+00
 0.209540E+00 0.231597E+00 0.231597E+00 0.231597E+00 0.231597E+00 0.266703E+00
 0.266703E+00 0.266703E+00 0.266703E+00 0.266703E+00 0.266703E+00 0.266703E+00
 0.266703E+00 0.266703E+00 0.231597E+00 0.231597E+00 0.231597E+00 0.231597E+00
 0.231597E+00 0.231597E+00 0.231597E+00 0.209540E+00 0.189563E+00 0.150067E+00
 0.110071E+00 0.864225E-01 0.467509E-01 0.267529E-01 0.267529E-01 0.675488E-02
 0.100990E-01 0.100990E-01 0.100990E-01 0.100990E-01 0.675488E-02 0.267529E-01
 0.467509E-01 0.667489E-01 0.113652E+00 0.170061E+00 0.209540E+00 0.231597E+00
 0.231597E+00 0.231597E+00 0.231597E+00 0.266703E+00 0.266703E+00 0.266703E+00
 0.266703E+00 0.266703E+00 0.266703E+00 0.266703E+00 0.266703E+00 0.266703E+00
 0.231597E+00 0.231597E+00 0.231597E+00 0.231597E+00 0.231597E+00 0.231597E+00
 0.231597E+00 0.209540E+00 0.209540E+00 0.170061E+00 0.130069E+00 0.864225E-01
 0.667489E-01 0.467509E-01 0.267529E-01 0.675488E-02 0.100990E-01 0.100990E-01
 0.100990E-01 0.100990E-01 0.675488E-02 0.267529E-01 0.267529E-01 0.667489E-01
 0.110071E+00 0.170061E+00 0.209540E+00 0.231597E+00 0.231597E+00 0.231597E+00
 0.266703E+00 0.266703E+00 0.266703E+00 0.266703E+00 0.266703E+00 0.266703E+00
 0.266703E+00 0.266703E+00 0.266703E+00 0.266703E+00 0.266703E+00 0.231597E+00
 0.231597E+00 0.231597E+00 0.231597E+00 0.231597E+00 0.231597E+00 0.209540E+00
 0.209540E+00 0.170061E+00 0.130069E+00 0.106420E+00 0.667489E-01 0.467509E-01
 0.267529E-01 0.675488E-02 0.100990E-01 0.100990E-01 0.100990E-01 0.100990E-01
 0.675488E-02 0.675488E-02 0.267529E-01 0.467509E-01 0.864225E-01 0.150067E+00
 0.209540E+00 0.231597E+00 0.231597E+00 0.231597E+00 0.266703E+00 0.266703E+00
 0.266703E+00 0.266703E+00 0.266703E+00 0.266703E+00 0.266703E+00 0.266703E+00
 0.266703E+00 0.266703E+00 0.266703E+00 0.231597E+00 0.231597E+00 0.231597E+00
 0.231597E+00 0.231597E+00 0.231597E+00 0.209540E+00 0.209540E+00 0.170061E+00
 0.130069E+00 0.864225E-01 0.667489E-01 0.267529E-01 0.267529E-01 0.675488E-02
 0.100990E-01 0.100990E-01 0.100990E-01 0.100990E-01 0.675488E-02 0.675488E-02
 0.267529E-01 0.467509E-01 0.667489E-01 0.130069E+00 0.189563E+00 0.231597E+00
 0.231597E+00 0.231597E+00 0.266703E+00 0.266703E+00 0.266703E+00 0.266703E+00
 0.266703E+00 0.266703E+00 0.266703E+00 0.266703E+00 0.266703E+00 0.266703E+00
 0.266703E+00 0.231597E+00 0.231597E+00 0.231597E+00 0.231597E+00 0.231597E+00
 0.231597E+00 0.209540E+00 0.209540E+00 0.150067E+00 0.110071E+00 0.667489E-01
 0.467509E-01 0.267529E-01 0.675488E-02 0.675488E-02 0.100990E-01 0.100990E-01
 0.100990E-01 0.100990E-01 0.100990E-01 0.675488E-02 0.675488E-02 0.267529E-01
 0.467509E-01 0.110071E+00 0.189563E+00 0.231597E+00 0.231597E+00 0.231597E+00
 0.266703E+00 0.266703E+00 0.266703E+00 0.266703E+00 0.266703E+00 0.266703E+00
 0.266703E+00 0.266703E+00 0.266703E+00 0.266703E+00 0.231597E+00 0.231597E+00
 0.231597E+00 0.231597E+00 0.231597E+00 0.231597E+00 0.231597E+00 0.209540E+00
 0.189563E+00 0.130069E+00 0.864225E-01 0.467509E-01 0.267529E-01 0.675488E-02
 0.675488E-02 0.675488E-02 0.100990E-01 0.100990E-01 0.100990E-01 0.100990E-01
 0.100990E-01 0.675488E-02 0.675488E-02 0.267529E-01 0.467509E-01 0.864225E-01
 0.170061E+00 0.219515E+00 0.231597E+00 0.231597E+00 0.266703E+00 0.266703E+00
 0.266703E+00 0.266703E+00 0.266703E+00 0.266703E+00 0.266703E+00 0.266703E+00
 0.266703E+00 0.231597E+00 0.231597E+00 0.231597E+00 0.231597E+00 0.231597E+00
 0.231597E+00 0.231597E+00 0.231597E+00 0.209540E+00 0.189563E+00 0.130069E+00
 0.627385E-01 0.467509E-01 0.267529E-01 0.675488E-02 0.675488E-02 0.100990E-01
 0.100990E-01 0.100990E-01 0.100990E-01 0.100990E-01 0.100990E-01 0.675488E-02
 0.675488E-02 0.267529E-01 0.864225E-01 0.170061E+00 0.231597E+00 0.231597E+00
 0.231597E+00 0.266703E+00 0.266703E+00 0.266703E+00 0.266703E+00 0.266703E+00
 0.241508E+00 0.231597E+00 0.231597E+00 0.231597E+00 0.231597E+00 0.231597E+00
 0.231597E+00 0.231597E+00 0.231597E+00 0.231597E+00 0.231597E+00 0.231597E+00
 0.209540E+00 0.170061E+00 0.110071E+00 0.667489E-01 0.267529E-01 0.675488E-02
 0.675488E-02 0.100990E-01 0.100990E-01 0.100990E-01 0.100990E-01 0.100990E-01
 0.100990E-01 0.675488E-02 0.675488E-02 0.267529E-01 0.864225E-01 0.189563E+00
 0.231597E+00 0.231597E+00 0.231597E+00 0.266703E+00 0.231597E+00 0.231597E+00
 0.231597E+00 0.231597E+00 0.231597E+00 0.231597E+00 0.231597E+00 0.231597E+00
 0.231597E+00 0.231597E+00 0.231597E+00 0.231597E+00 0.231597E+00 0.231597E+00
 0.231597E+00 0.231597E+00 0.209540E+00 0.189563E+00 0.110071E+00 0.667489E-01
 0.267529E-01 0.675488E-02 0.675488E-02 0.100990E-01 0.100990E-01 0.100990E-01
 0.100000E-03 0.100990E-01 0.100990E-01 0.100990E-01 0.675488E-02 0.267529E-01
 0.106420E+00 0.209540E+00 0.231597E+00 0.231597E+00 0.231597E+00 0.231597E+00
 0.231597E+00 0.231597E+00 0.231597E+00 0.231597E+00 0.231597E+00 0.231597E+00
 0.231597E+00 0.231597E+00 0.231597E+00 0.231597E+00 0.231597E+00 0.231597E+00
 0.231597E+00 0.231597E+00 0.231597E+00 0.231597E+00 0.209540E+00 0.189563E+00
 0.130069E+00 0.667489E-01 0.267529E-01 0.675488E-02 0.675488E-02 0.100990E-01
 0.100990E-01 0.100000E-03 0.100990E-01 0.100990E-01 0.100990E-01 0.675488E-02
 0.467509E-01 0.150067E+00 0.231597E+00 0.231597E+00 0.231597E+00 0.231597E+00
 0.231597E+00 0.231597E+00 0.231597E+00 0.231597E+00 0.231597E+00 0.231597E+00
 0.231597E+00 0.231597E+00 0.231597E+00 0.231597E+00 0.231597E+00 0.231597E+00
 0.209540E+00 0.209540E+00 0.209540E+00 0.209540E+00 0.209540E+00 0.209540E+00
 0.189563E+00 0.150067E+00 0.740259E-01 0.267529E-01 0.675488E-02 0.675488E-02
 0.100990E-01 0.100990E-01 0.100990E-01 0.100990E-01 0.100990E-01 0.675488E-02
 0.864225E-01 0.231597E+00 0.231597E+00 0.231597E+00 0.231597E+00 0.231597E+00
 0.209540E+00 0.209540E+00 0.209540E+00 0.209540E+00 0.209540E+00 0.209540E+00
 0.231597E+00 0.231597E+00 0.209540E+00 0.209540E+00 0.209540E+00 0.209540E+00
 0.209540E+00 0.189563E+00 0.189563E+00 0.189563E+00 0.209540E+00 0.209540E+00
 0.209540E+00 0.170061E+00 0.130069E+00 0.467509E-01 0.675488E-02 0.675488E-02
 0.100990E-01 0.675488E-02 0.100990E-01 0.100990E-01 0.467509E-01 0.209540E+00
 0.231597E+00 0.231597E+00 0.231597E+00 0.209540E+00 0.189563E+00 0.189563E+00
 0.170061E+00 0.170061E+00 0.189563E+00 0.189563E+00 0.209540E+00 0.209540E+00
 0.209540E+00 0.209540E+00 0.209540E+00 0.189563E+00 0.170061E+00 0.150067E+00
 0.130069E+00 0.130069E+00 0.110071E+00 0.130069E+00 0.170061E+00 0.231597E+00
 0.472791E+00 0.472791E+00 0.427763E+00 0.664245E-01 0.100990E-01 0.100990E-01
 0.675488E-02 0.110071E+00 0.170061E+00 0.150067E+00 0.150067E+00 0.150067E+00
 0.130069E+00 0.110071E+00 0.992079E-01 0.106420E+00 0.110071E+00 0.110071E+00
 0.130069E+00 0.170065E+00 0.170061E+00 0.189563E+00 0.170061E+00 0.150067E+00
 0.130069E+00 0.110071E+00 0.864225E-01 0.664245E-01 0.667489E-01 0.667489E-01
 0.667489E-01 0.667489E-01 0.126418E+00 0.231597E+00 0.472791E+00 0.472791E+00
 0.472791E+00 0.675488E-02 0.267529E-01 0.675488E-02 0.267529E-01 0.267529E-01
 0.467509E-01 0.667489E-01 0.667489E-01 0.467509E-01 0.467509E-01 0.467509E-01
 0.667489E-01 0.667489E-01 0.864225E-01 0.110071E+00 0.130069E+00 0.130069E+00
 0.130069E+00 0.110071E+00 0.864225E-01 0.667489E-01 0.467509E-01 0.467509E-01
 0.267529E-01 0.267529E-01 0.267529E-01 0.267529E-01 0.267529E-01 0.267529E-01
 0.150067E+00 0.472791E+00 0.472791E+00 0.472791E+00 0.100990E-01 0.100990E-01
 0.675488E-02 0.267529E-01 0.267529E-01 0.267529E-01 0.267529E-01 0.267529E-01
 0.267529E-01 0.267529E-01 0.467509E-01 0.467509E-01 0.667489E-01 0.864225E-01
 0.110071E+00 0.864225E-01 0.664067E-01 0.667489E-01 0.467509E-01 0.267529E-01
 0.267529E-01 0.267529E-01 0.675488E-02 0.675488E-02 0.675488E-02 0.675488E-02
 0.675488E-02 0.675488E-02 0.100990E-01 0.472791E+00 0.100990E-01 0.675488E-02
 0.675488E-02 0.675488E-02 0.675488E-02 0.675488E-02 0.675488E-02 0.675488E-02
 0.675488E-02 0.267529E-01 0.267529E-01 0.467509E-01 0.667489E-01 0.667489E-01
 0.667489E-01 0.467509E-01 0.397892E-01 0.267529E-01 0.267529E-01 0.675488E-02
 0.675488E-02 0.675488E-02 0.100990E-01 0.100990E-01 0.100990E-01 0.100990E-01
 0.100990E-01 0.100990E-01 0.675488E-02 0.100990E-01 0.100990E-01 0.675488E-02
 0.675488E-02 0.675488E-02 0.675488E-02 0.675488E-02 0.675488E-02 0.675488E-02
 0.267529E-01 0.467509E-01 0.467509E-01 0.467509E-01 0.267529E-01 0.267529E-01
 0.675488E-02 0.675488E-02 0.675488E-02 0.675488E-02 0.100990E-01 0.100990E-01
 0.100990E-01 0.100990E-01 0.100990E-01 0.100990E-01 0.100990E-01 0.100990E-01
 0.100990E-01 0.100990E-01 0.100990E-01 0.100990E-01 0.675488E-02 0.675488E-02
 0.675488E-02 0.267529E-01 0.267529E-01 0.267529E-01 0.267529E-01 0.675488E-02
 0.675488E-02 0.675488E-02 0.100990E-01 0.100990E-01 0.100990E-01 0.100990E-01
 0.100990E-01 0.100000E-03 0.675488E-02 0.100990E-01 0.100990E-01 0.100990E-01
 0.100990E-01 0.100990E-01 0.675488E-02 0.675488E-02 0.675488E-02 0.675488E-02
 0.675488E-02 0.675488E-02 0.675488E-02 0.675488E-02 0.100990E-01 0.100990E-01
 0.100990E-01 0.100990E-01 0.100990E-01 0.100990E-01 0.100000E-03 0.100990E-01
 0.100990E-01 0.100990E-01 0.100990E-01 0.100990E-01 0.100990E-01 0.100990E-01
 0.100990E-01 0.100990E-01 0.100990E-01 0.100990E-01 0.100990E-01 0.100990E-01
 0.100990E-01 0.100000E-03 0.100990E-01 0.100990E-01 0.100990E-01 0.100990E-01
 0.100990E-01 0.100990E-01 0.100990E-01 0.100990E-01 0.100990E-01 0.100990E-01
 OBJE  1
 0.164276E+02
 VLM
 0.140000E+03
