 RDENS  1272
 0.100000E-03 0.100000E-03 0.100000E-03 0.100000E-03 0.100000E-03 0.100000E-03
 0.100000E-03 0.100000E-03 0.100000E-03 0.100000E-03 0.100000E-03 0.100000E-03
 0.100000E-03 0.100000E-03 0.100000E-03 0.100000E-03 0.100000E-03 0.167539E-01
 0.167539E-01 0.100000E-03 0.100000E-03 0.100000E-03 0.100000E-03 0.100000E-03
 0.100000E-03 0.100000E-03 0.100000E-03 0.100000E-03 0.100000E-03 0.100000E-03
 0.100000E-03 0.100000E-03 0.167539E-01 0.167539E-01 0.167539E-01 0.167539E-01
 0.167539E-01 0.167539E-01 0.167539E-01 0.167539E-01 0.100000E-03 0.100000E-03
 0.100000E-03 0.100000E-03 0.100000E-03 0.100000E-03 0.100000E-03 0.100000E-03
 0.100000E-03 0.100000E-03 0.100000E-03 0.100000E-03 0.167539E-01 0.167539E-01
 0.167539E-01 0.167539E-01 0.367519E-01 0.367519E-01 0.367519E-01 0.367519E-01
 0.167539E-01 0.167539E-01 0.100000E-03 0.100000E-03 0.100000E-03 0.100000E-03
 0.100000E-03 0.100000E-03 0.100000E-03 0.100000E-03 0.100000E-03 0.100000E-03
 0.100000E-03 0.100000E-03 0.100000E-03 0.167539E-01 0.167539E-01 0.167539E-01
 0.367519E-01 0.367519E-01 0.567499E-01 0.767479E-01 0.767479E-01 0.567499E-01
 0.367519E-01 0.167539E-01 0.167539E-01 0.167539E-01 0.100000E-03 0.100000E-03
 0.100000E-03 0.100000E-03 0.100000E-03 0.367519E-01 0.100000E-03 0.100000E-03
 0.100000E-03 0.100000E-03 0.100000E-03 0.100000E-03 0.167539E-01 0.167539E-01
 0.167539E-01 0.167539E-01 0.367519E-01 0.367519E-01 0.567499E-01 0.767479E-01
 0.964215E-01 0.964215E-01 0.764235E-01 0.567499E-01 0.367519E-01 0.167539E-01
 0.167539E-01 0.167539E-01 0.100000E-03 0.100000E-03 0.100000E-03 0.167539E-01
 0.167539E-01 0.967459E-01 0.100000E-03 0.100000E-03 0.100000E-03 0.100000E-03
 0.100000E-03 0.167539E-01 0.167539E-01 0.167539E-01 0.167539E-01 0.367519E-01
 0.367519E-01 0.487321E-01 0.567499E-01 0.764235E-01 0.116419E+00 0.140068E+00
 0.140068E+00 0.120070E+00 0.764235E-01 0.635180E-01 0.367519E-01 0.367519E-01
 0.167539E-01 0.167539E-01 0.167539E-01 0.167539E-01 0.167539E-01 0.367519E-01
 0.100000E-03 0.100000E-03 0.100000E-03 0.100000E-03 0.100000E-03 0.100000E-03
 0.100000E-03 0.167539E-01 0.167539E-01 0.167539E-01 0.367519E-01 0.367519E-01
 0.367519E-01 0.567499E-01 0.767479E-01 0.964215E-01 0.120070E+00 0.140068E+00
 0.160066E+00 0.180060E+00 0.160066E+00 0.120070E+00 0.764235E-01 0.567499E-01
 0.567499E-01 0.367519E-01 0.367519E-01 0.367519E-01 0.367519E-01 0.367519E-01
 0.167539E-01 0.100000E-03 0.100000E-03 0.100000E-03 0.100000E-03 0.100000E-03
 0.100000E-03 0.167539E-01 0.167539E-01 0.167539E-01 0.367519E-01 0.367519E-01
 0.367519E-01 0.567499E-01 0.567499E-01 0.767479E-01 0.964215E-01 0.120070E+00
 0.140068E+00 0.180060E+00 0.199562E+00 0.199562E+00 0.199562E+00 0.160066E+00
 0.120070E+00 0.964215E-01 0.767479E-01 0.567499E-01 0.567499E-01 0.567499E-01
 0.567499E-01 0.367519E-01 0.167539E-01 0.167539E-01 0.100000E-03 0.100000E-03
 0.167539E-01 0.100000E-03 0.167539E-01 0.167539E-01 0.167539E-01 0.367519E-01
 0.367519E-01 0.567499E-01 0.567499E-01 0.767479E-01 0.767479E-01 0.964215E-01
 0.120070E+00 0.140068E+00 0.160066E+00 0.199562E+00 0.220569E+00 0.220569E+00
 0.220569E+00 0.220569E+00 0.199562E+00 0.180060E+00 0.140068E+00 0.120070E+00
 0.964215E-01 0.964215E-01 0.767479E-01 0.767479E-01 0.367519E-01 0.167539E-01
 0.167539E-01 0.100000E-03 0.100000E-03 0.100000E-03 0.167539E-01 0.167539E-01
 0.167539E-01 0.167539E-01 0.367519E-01 0.367519E-01 0.567499E-01 0.567499E-01
 0.767479E-01 0.964215E-01 0.116419E+00 0.120070E+00 0.140068E+00 0.160066E+00
 0.180060E+00 0.199562E+00 0.220569E+00 0.220569E+00 0.220569E+00 0.220569E+00
 0.220569E+00 0.220569E+00 0.220569E+00 0.199562E+00 0.160066E+00 0.140068E+00
 0.120070E+00 0.964215E-01 0.767479E-01 0.567499E-01 0.167539E-01 0.167539E-01
 0.100000E-03 0.100000E-03 0.100000E-03 0.100000E-03 0.100000E-03 0.100000E-03
 0.167539E-01 0.367519E-01 0.567499E-01 0.567499E-01 0.764235E-01 0.964215E-01
 0.120070E+00 0.140068E+00 0.160066E+00 0.180060E+00 0.199562E+00 0.199562E+00
 0.220569E+00 0.220569E+00 0.220569E+00 0.220569E+00 0.220569E+00 0.220569E+00
 0.220569E+00 0.220569E+00 0.220569E+00 0.220569E+00 0.199562E+00 0.180060E+00
 0.160066E+00 0.120070E+00 0.764235E-01 0.567499E-01 0.367519E-01 0.167539E-01
 0.100000E-03 0.100000E-03 0.100000E-03 0.100000E-03 0.100000E-03 0.100000E-03
 0.100000E-03 0.167539E-01 0.167539E-01 0.567499E-01 0.767479E-01 0.120070E+00
 0.150857E+00 0.180060E+00 0.199562E+00 0.220569E+00 0.220569E+00 0.220569E+00
 0.220569E+00 0.220569E+00 0.220569E+00 0.220569E+00 0.220569E+00 0.220569E+00
 0.220569E+00 0.220569E+00 0.220569E+00 0.220569E+00 0.220569E+00 0.220569E+00
 0.220569E+00 0.180060E+00 0.140068E+00 0.964215E-01 0.567499E-01 0.367519E-01
 0.167539E-01 0.167539E-01 0.100000E-03 0.100000E-03 0.100000E-03 0.100000E-03
 0.100000E-03 0.100000E-03 0.100000E-03 0.167539E-01 0.167539E-01 0.367519E-01
 0.764235E-01 0.140068E+00 0.199562E+00 0.220569E+00 0.220569E+00 0.220569E+00
 0.220569E+00 0.220569E+00 0.220569E+00 0.220569E+00 0.220569E+00 0.220569E+00
 0.220569E+00 0.220569E+00 0.220569E+00 0.220569E+00 0.220569E+00 0.220569E+00
 0.220569E+00 0.220569E+00 0.220569E+00 0.199562E+00 0.160066E+00 0.116419E+00
 0.767479E-01 0.367519E-01 0.167539E-01 0.167539E-01 0.167539E-01 0.100000E-03
 0.100000E-03 0.100000E-03 0.100000E-03 0.100000E-03 0.100000E-03 0.167539E-01
 0.167539E-01 0.567499E-01 0.964215E-01 0.160066E+00 0.220569E+00 0.220569E+00
 0.220569E+00 0.220569E+00 0.220569E+00 0.220569E+00 0.220569E+00 0.220569E+00
 0.220569E+00 0.220569E+00 0.220569E+00 0.220569E+00 0.220569E+00 0.220569E+00
 0.220569E+00 0.220569E+00 0.220569E+00 0.220569E+00 0.220569E+00 0.220569E+00
 0.180060E+00 0.120070E+00 0.750993E-01 0.567499E-01 0.367519E-01 0.167539E-01
 0.167539E-01 0.100000E-03 0.100000E-03 0.100000E-03 0.100000E-03 0.100000E-03
 0.100000E-03 0.167539E-01 0.167539E-01 0.367519E-01 0.567499E-01 0.964215E-01
 0.180064E+00 0.220569E+00 0.220569E+00 0.220569E+00 0.220569E+00 0.220569E+00
 0.220569E+00 0.220569E+00 0.220569E+00 0.220569E+00 0.220569E+00 0.220569E+00
 0.220569E+00 0.220569E+00 0.220569E+00 0.220569E+00 0.220569E+00 0.220569E+00
 0.220569E+00 0.220569E+00 0.220569E+00 0.199562E+00 0.140068E+00 0.964215E-01
 0.567499E-01 0.367519E-01 0.367519E-01 0.167539E-01 0.167539E-01 0.100000E-03
 0.100000E-03 0.100000E-03 0.100000E-03 0.100000E-03 0.100000E-03 0.167539E-01
 0.167539E-01 0.367519E-01 0.716076E-01 0.120070E+00 0.199562E+00 0.220569E+00
 0.220569E+00 0.220569E+00 0.220569E+00 0.220569E+00 0.220569E+00 0.220569E+00
 0.220569E+00 0.220569E+00 0.220569E+00 0.220569E+00 0.220569E+00 0.220569E+00
 0.220569E+00 0.220569E+00 0.220569E+00 0.220569E+00 0.220569E+00 0.220569E+00
 0.220569E+00 0.199562E+00 0.160066E+00 0.120070E+00 0.767479E-01 0.567499E-01
 0.367519E-01 0.167539E-01 0.167539E-01 0.167539E-01 0.100000E-03 0.100000E-03
 0.100000E-03 0.100000E-03 0.167539E-01 0.167539E-01 0.367519E-01 0.567499E-01
 0.964215E-01 0.160066E+00 0.220569E+00 0.220569E+00 0.220569E+00 0.220569E+00
 0.220569E+00 0.220569E+00 0.220569E+00 0.254003E+00 0.254003E+00 0.254003E+00
 0.254003E+00 0.254003E+00 0.220569E+00 0.220569E+00 0.220569E+00 0.220569E+00
 0.220569E+00 0.220569E+00 0.220569E+00 0.220569E+00 0.220569E+00 0.220569E+00
 0.180060E+00 0.140068E+00 0.964215E-01 0.767479E-01 0.567499E-01 0.367519E-01
 0.167539E-01 0.167539E-01 0.100000E-03 0.100000E-03 0.100000E-03 0.100000E-03
 0.167539E-01 0.167539E-01 0.367519E-01 0.767479E-01 0.120070E+00 0.180060E+00
 0.220569E+00 0.220569E+00 0.220569E+00 0.220569E+00 0.220569E+00 0.254003E+00
 0.254003E+00 0.254003E+00 0.254003E+00 0.254003E+00 0.254003E+00 0.254003E+00
 0.254003E+00 0.254003E+00 0.220569E+00 0.220569E+00 0.220569E+00 0.220569E+00
 0.220569E+00 0.220569E+00 0.220569E+00 0.220569E+00 0.199562E+00 0.160066E+00
 0.120070E+00 0.964215E-01 0.567499E-01 0.367519E-01 0.167539E-01 0.167539E-01
 0.100000E-03 0.100000E-03 0.100000E-03 0.100000E-03 0.167539E-01 0.367519E-01
 0.567499E-01 0.767479E-01 0.123651E+00 0.180060E+00 0.220569E+00 0.220569E+00
 0.220569E+00 0.220569E+00 0.220569E+00 0.254003E+00 0.254003E+00 0.254003E+00
 0.254003E+00 0.254003E+00 0.254003E+00 0.254003E+00 0.254003E+00 0.254003E+00
 0.220569E+00 0.220569E+00 0.220569E+00 0.220569E+00 0.220569E+00 0.220569E+00
 0.220569E+00 0.220569E+00 0.220569E+00 0.180060E+00 0.140068E+00 0.964215E-01
 0.767479E-01 0.567499E-01 0.367519E-01 0.167539E-01 0.100000E-03 0.100000E-03
 0.100000E-03 0.100000E-03 0.167539E-01 0.167539E-01 0.367519E-01 0.767479E-01
 0.120070E+00 0.180060E+00 0.220569E+00 0.220569E+00 0.220569E+00 0.220569E+00
 0.254003E+00 0.254003E+00 0.254003E+00 0.254003E+00 0.254003E+00 0.254003E+00
 0.254003E+00 0.254003E+00 0.254003E+00 0.254003E+00 0.254003E+00 0.220569E+00
 0.220569E+00 0.220569E+00 0.220569E+00 0.220569E+00 0.220569E+00 0.220569E+00
 0.220569E+00 0.180060E+00 0.140068E+00 0.116419E+00 0.767479E-01 0.567499E-01
 0.367519E-01 0.167539E-01 0.100000E-03 0.100000E-03 0.100000E-03 0.100000E-03
 0.167539E-01 0.167539E-01 0.367519E-01 0.567499E-01 0.964215E-01 0.160066E+00
 0.220569E+00 0.220569E+00 0.220569E+00 0.220569E+00 0.254003E+00 0.254003E+00
 0.254003E+00 0.254003E+00 0.254003E+00 0.254003E+00 0.254003E+00 0.254003E+00
 0.254003E+00 0.254003E+00 0.254003E+00 0.220569E+00 0.220569E+00 0.220569E+00
 0.220569E+00 0.220569E+00 0.220569E+00 0.220569E+00 0.220569E+00 0.180060E+00
 0.140068E+00 0.964215E-01 0.767479E-01 0.367519E-01 0.167539E-01 0.167539E-01
 0.100000E-03 0.100000E-03 0.100000E-03 0.100000E-03 0.167539E-01 0.167539E-01
 0.367519E-01 0.567499E-01 0.767479E-01 0.140068E+00 0.199562E+00 0.220569E+00
 0.220569E+00 0.220569E+00 0.254003E+00 0.254003E+00 0.254003E+00 0.254003E+00
 0.254003E+00 0.254003E+00 0.254003E+00 0.254003E+00 0.254003E+00 0.254003E+00
 0.254003E+00 0.220569E+00 0.220569E+00 0.220569E+00 0.220569E+00 0.220569E+00
 0.220569E+00 0.220569E+00 0.220569E+00 0.160066E+00 0.120070E+00 0.767479E-01
 0.567499E-01 0.367519E-01 0.167539E-01 0.167539E-01 0.100000E-03 0.100000E-03
 0.100000E-03 0.100000E-03 0.100000E-03 0.167539E-01 0.167539E-01 0.367519E-01
 0.567499E-01 0.120070E+00 0.199562E+00 0.220569E+00 0.220569E+00 0.220569E+00
 0.254003E+00 0.254003E+00 0.254003E+00 0.254003E+00 0.254003E+00 0.254003E+00
 0.254003E+00 0.254003E+00 0.254003E+00 0.254003E+00 0.220569E+00 0.220569E+00
 0.220569E+00 0.220569E+00 0.220569E+00 0.220569E+00 0.220569E+00 0.220569E+00
 0.199562E+00 0.140068E+00 0.964215E-01 0.567499E-01 0.367519E-01 0.167539E-01
 0.167539E-01 0.167539E-01 0.100000E-03 0.100000E-03 0.100000E-03 0.100000E-03
 0.100000E-03 0.167539E-01 0.167539E-01 0.367519E-01 0.567499E-01 0.964215E-01
 0.180060E+00 0.220569E+00 0.220569E+00 0.220569E+00 0.254003E+00 0.254003E+00
 0.254003E+00 0.254003E+00 0.254003E+00 0.254003E+00 0.254003E+00 0.254003E+00
 0.254003E+00 0.220569E+00 0.220569E+00 0.220569E+00 0.220569E+00 0.220569E+00
 0.220569E+00 0.220569E+00 0.220569E+00 0.220569E+00 0.199562E+00 0.140068E+00
 0.727375E-01 0.567499E-01 0.367519E-01 0.167539E-01 0.167539E-01 0.100000E-03
 0.100000E-03 0.100000E-03 0.100000E-03 0.100000E-03 0.100000E-03 0.167539E-01
 0.167539E-01 0.367519E-01 0.964215E-01 0.180060E+00 0.220569E+00 0.220569E+00
 0.220569E+00 0.254003E+00 0.254003E+00 0.254003E+00 0.254003E+00 0.254003E+00
 0.230008E+00 0.220569E+00 0.220569E+00 0.220569E+00 0.220569E+00 0.220569E+00
 0.220569E+00 0.220569E+00 0.220569E+00 0.220569E+00 0.220569E+00 0.220569E+00
 0.220569E+00 0.180060E+00 0.120070E+00 0.767479E-01 0.367519E-01 0.167539E-01
 0.167539E-01 0.100000E-03 0.100000E-03 0.100000E-03 0.100000E-03 0.100000E-03
 0.100000E-03 0.167539E-01 0.167539E-01 0.367519E-01 0.964215E-01 0.199562E+00
 0.220569E+00 0.220569E+00 0.220569E+00 0.254003E+00 0.220569E+00 0.220569E+00
 0.220569E+00 0.220569E+00 0.220569E+00 0.220569E+00 0.220569E+00 0.220569E+00
 0.220569E+00 0.220569E+00 0.220569E+00 0.220569E+00 0.220569E+00 0.220569E+00
 0.220569E+00 0.220569E+00 0.220569E+00 0.199562E+00 0.120070E+00 0.767479E-01
 0.367519E-01 0.167539E-01 0.167539E-01 0.100000E-03 0.100000E-03 0.100000E-03
 0.100000E-03 0.100000E-03 0.100000E-03 0.100000E-03 0.167539E-01 0.367519E-01
 0.116419E+00 0.220569E+00 0.220569E+00 0.220569E+00 0.220569E+00 0.220569E+00
 0.220569E+00 0.220569E+00 0.220569E+00 0.220569E+00 0.220569E+00 0.220569E+00
 0.220569E+00 0.220569E+00 0.220569E+00 0.220569E+00 0.220569E+00 0.220569E+00
 0.220569E+00 0.220569E+00 0.220569E+00 0.220569E+00 0.220569E+00 0.199562E+00
 0.140068E+00 0.767479E-01 0.367519E-01 0.167539E-01 0.167539E-01 0.100000E-03
 0.100000E-03 0.100000E-03 0.100000E-03 0.100000E-03 0.100000E-03 0.167539E-01
 0.567499E-01 0.160066E+00 0.220569E+00 0.220569E+00 0.220569E+00 0.220569E+00
 0.220569E+00 0.220569E+00 0.220569E+00 0.220569E+00 0.220569E+00 0.220569E+00
 0.220569E+00 0.220569E+00 0.220569E+00 0.220569E+00 0.220569E+00 0.220569E+00
 0.220569E+00 0.220569E+00 0.220569E+00 0.220569E+00 0.220569E+00 0.220569E+00
 0.199562E+00 0.160066E+00 0.840249E-01 0.367519E-01 0.167539E-01 0.167539E-01
 0.100000E-03 0.100000E-03 0.100000E-03 0.100000E-03 0.100000E-03 0.167539E-01
 0.964215E-01 0.220569E+00 0.220569E+00 0.220569E+00 0.220569E+00 0.220569E+00
 0.220569E+00 0.220569E+00 0.220569E+00 0.220569E+00 0.220569E+00 0.220569E+00
 0.220569E+00 0.220569E+00 0.220569E+00 0.220569E+00 0.220569E+00 0.220569E+00
 0.220569E+00 0.199562E+00 0.199562E+00 0.199562E+00 0.220569E+00 0.220569E+00
 0.220569E+00 0.180060E+00 0.140068E+00 0.567499E-01 0.167539E-01 0.167539E-01
 0.100000E-03 0.167539E-01 0.100000E-03 0.100000E-03 0.567499E-01 0.220569E+00
 0.220569E+00 0.220569E+00 0.220569E+00 0.220569E+00 0.199562E+00 0.199562E+00
 0.180060E+00 0.180060E+00 0.199562E+00 0.199562E+00 0.220569E+00 0.220569E+00
 0.220569E+00 0.220569E+00 0.220569E+00 0.199562E+00 0.180060E+00 0.160066E+00
 0.140068E+00 0.140068E+00 0.120070E+00 0.140068E+00 0.180060E+00 0.220569E+00
 0.450277E+00 0.450277E+00 0.450277E+00 0.764235E-01 0.100000E-03 0.100000E-03
 0.167539E-01 0.120070E+00 0.180060E+00 0.160066E+00 0.160066E+00 0.160066E+00
 0.140068E+00 0.120070E+00 0.109207E+00 0.116419E+00 0.120070E+00 0.120070E+00
 0.140068E+00 0.180064E+00 0.180060E+00 0.199562E+00 0.180060E+00 0.160066E+00
 0.140068E+00 0.120070E+00 0.964215E-01 0.764235E-01 0.767479E-01 0.767479E-01
 0.767479E-01 0.767479E-01 0.136417E+00 0.220569E+00 0.450277E+00 0.450277E+00
 0.450277E+00 0.167539E-01 0.167539E-01 0.167539E-01 0.167539E-01 0.167539E-01
 0.567499E-01 0.767479E-01 0.767479E-01 0.567499E-01 0.567499E-01 0.567499E-01
 0.767479E-01 0.767479E-01 0.964215E-01 0.120070E+00 0.140068E+00 0.140068E+00
 0.140068E+00 0.120070E+00 0.964215E-01 0.767479E-01 0.567499E-01 0.567499E-01
 0.367519E-01 0.367519E-01 0.367519E-01 0.367519E-01 0.367519E-01 0.367519E-01
 0.160066E+00 0.450277E+00 0.450277E+00 0.450277E+00 0.100000E-03 0.100000E-03
 0.167539E-01 0.167539E-01 0.367519E-01 0.367519E-01 0.367519E-01 0.367519E-01
 0.367519E-01 0.367519E-01 0.567499E-01 0.567499E-01 0.767479E-01 0.964215E-01
 0.120070E+00 0.964215E-01 0.764057E-01 0.767479E-01 0.567499E-01 0.367519E-01
 0.367519E-01 0.167539E-01 0.167539E-01 0.167539E-01 0.167539E-01 0.167539E-01
 0.167539E-01 0.167539E-01 0.100000E-03 0.450277E+00 0.100000E-03 0.167539E-01
 0.167539E-01 0.167539E-01 0.167539E-01 0.167539E-01 0.167539E-01 0.167539E-01
 0.167539E-01 0.367519E-01 0.367519E-01 0.567499E-01 0.767479E-01 0.767479E-01
 0.767479E-01 0.567499E-01 0.497882E-01 0.367519E-01 0.167539E-01 0.167539E-01
 0.167539E-01 0.167539E-01 0.100000E-03 0.100000E-03 0.100000E-03 0.100000E-03
 0.100000E-03 0.100000E-03 0.167539E-01 0.100000E-03 0.100000E-03 0.167539E-01
 0.167539E-01 0.167539E-01 0.167539E-01 0.167539E-01 0.167539E-01 0.167539E-01
 0.367519E-01 0.567499E-01 0.567499E-01 0.567499E-01 0.367519E-01 0.367519E-01
 0.167539E-01 0.167539E-01 0.167539E-01 0.167539E-01 0.100000E-03 0.100000E-03
 0.100000E-03 0.100000E-03 0.100000E-03 0.100000E-03 0.100000E-03 0.100000E-03
 0.100000E-03 0.100000E-03 0.100000E-03 0.100000E-03 0.167539E-01 0.167539E-01
 0.167539E-01 0.367519E-01 0.367519E-01 0.367519E-01 0.167539E-01 0.167539E-01
 0.167539E-01 0.167539E-01 0.100000E-03 0.100000E-03 0.100000E-03 0.100000E-03
 0.100000E-03 0.100000E-03 0.167539E-01 0.100000E-03 0.100000E-03 0.100000E-03
 0.100000E-03 0.100000E-03 0.167539E-01 0.167539E-01 0.167539E-01 0.167539E-01
 0.167539E-01 0.167539E-01 0.167539E-01 0.167539E-01 0.100000E-03 0.100000E-03
 0.100000E-03 0.100000E-03 0.100000E-03 0.100000E-03 0.100000E-03 0.100000E-03
 0.100000E-03 0.100000E-03 0.100000E-03 0.100000E-03 0.100000E-03 0.100000E-03
 0.100000E-03 0.100000E-03 0.100000E-03 0.100000E-03 0.100000E-03 0.100000E-03
 0.100000E-03 0.100000E-03 0.100000E-03 0.100000E-03 0.100000E-03 0.100000E-03
 0.100000E-03 0.100000E-03 0.100000E-03 0.100000E-03 0.100000E-03 0.100000E-03
 OBJE  1
 0.164272E+02
 VLM
 0.140000E+03
 GRADIENTES
    1   0.11491E-08
    2   0.12135E-08
    3   0.15664E-09
    4   0.12295E-09
    5   0.73029E-09
    6   0.77854E-09
    7   0.13047E-09
    8   0.13641E-09
    9   0.11880E-08
   10   0.13265E-08
   11   0.13500E-07
   12   0.73569E-09
   13   0.52175E-09
   14   0.22498E-09
   15   0.14501E-09
   16   0.11864E-09
   17   0.85073E-10
   18   0.10825E-07
   19   0.10503E-07
   20   0.80957E-10
   21   0.96994E-10
   22   0.13346E-09
   23   0.26217E-09
   24   0.69906E-09
   25   0.83426E-09
   26   0.12486E-07
   27   0.36884E-09
   28   0.94721E-09
   29   0.80458E-09
   30   0.64388E-09
   31   0.19408E-09
   32   0.10696E-09
   33   0.11020E-07
   34   0.77989E-08
   35   0.57156E-08
   36   0.42789E-08
   37   0.38227E-08
   38   0.40974E-08
   39   0.52845E-08
   40   0.85738E-08
   41   0.10559E-09
   42   0.20382E-09
   43   0.61705E-09
   44   0.67908E-09
   45   0.80889E-09
   46   0.34633E-09
   47   0.12967E-07
   48   0.61684E-09
   49   0.30275E-09
   50   0.22042E-09
   51   0.16018E-09
   52   0.10739E-09
   53   0.98642E-08
   54   0.62062E-08
   55   0.42321E-08
   56   0.29951E-08
   57   0.47857E-08
   58   0.38919E-08
   59   0.39769E-08
   60   0.52746E-08
   61   0.40854E-08
   62   0.77183E-08
   63   0.90975E-10
   64   0.13272E-09
   65   0.18492E-09
   66   0.26682E-09
   67   0.58798E-09
   68   0.11215E-07
   69   0.34104E-09
   70   0.74453E-09
   71   0.59224E-09
   72   0.50583E-09
   73   0.15915E-09
   74   0.10093E-09
   75   0.71892E-10
   76   0.86119E-08
   77   0.58726E-08
   78   0.38954E-08
   79   0.58617E-08
   80   0.41111E-08
   81   0.45893E-08
   82   0.49556E-08
   83   0.49180E-08
   84   0.47743E-08
   85   0.49918E-08
   86   0.39447E-08
   87   0.63460E-08
   88   0.94791E-08
   89   0.84854E-10
   90   0.14380E-09
   91   0.45548E-09
   92   0.36547E-09
   93   0.24874E-09
   94   0.62037E-08
   95   0.12329E-07
   96   0.58331E-09
   97   0.25320E-09
   98   0.16907E-09
   99   0.11864E-09
  100   0.84486E-10
  101   0.89528E-08
  102   0.64860E-08
  103   0.48338E-08
  104   0.35479E-08
  105   0.55871E-08
  106   0.39720E-08
  107   0.43894E-08
  108   0.43880E-08
  109   0.45003E-08
  110   0.44512E-08
  111   0.44058E-08
  112   0.48296E-08
  113   0.48611E-08
  114   0.33626E-08
  115   0.49711E-08
  116   0.74695E-08
  117   0.73897E-10
  118   0.86858E-10
  119   0.78298E-10
  120   0.96689E-08
  121   0.45590E-08
  122   0.47028E-08
  123   0.39720E-09
  124   0.50532E-09
  125   0.49911E-09
  126   0.14031E-09
  127   0.79940E-10
  128   0.91084E-08
  129   0.66928E-08
  130   0.50203E-08
  131   0.38025E-08
  132   0.64533E-08
  133   0.49583E-08
  134   0.49625E-08
  135   0.42999E-08
  136   0.43167E-08
  137   0.50663E-08
  138   0.51251E-08
  139   0.50765E-08
  140   0.51584E-08
  141   0.44193E-08
  142   0.52725E-08
  143   0.43869E-08
  144   0.62408E-08
  145   0.40024E-08
  146   0.51172E-08
  147   0.55801E-08
  148   0.50479E-08
  149   0.37912E-08
  150   0.52212E-08
  151   0.13818E-09
  152   0.32525E-09
  153   0.13414E-09
  154   0.21870E-09
  155   0.15683E-09
  156   0.11326E-09
  157   0.76508E-10
  158   0.72000E-08
  159   0.49278E-08
  160   0.37171E-08
  161   0.64255E-08
  162   0.51355E-08
  163   0.41161E-08
  164   0.50669E-08
  165   0.53917E-08
  166   0.52700E-08
  167   0.51119E-08
  168   0.47962E-08
  169   0.47657E-08
  170   0.52949E-08
  171   0.53307E-08
  172   0.50085E-08
  173   0.42540E-08
  174   0.42846E-08
  175   0.57335E-08
  176   0.47329E-08
  177   0.55436E-08
  178   0.57607E-08
  179   0.53143E-08
  180   0.48108E-08
  181   0.36511E-08
  182   0.72309E-10
  183   0.15227E-09
  184   0.12036E-09
  185   0.49413E-09
  186   0.10724E-09
  187   0.72309E-10
  188   0.81364E-08
  189   0.56472E-08
  190   0.39438E-08
  191   0.62417E-08
  192   0.48612E-08
  193   0.39547E-08
  194   0.50551E-08
  195   0.41889E-08
  196   0.46619E-08
  197   0.47764E-08
  198   0.48095E-08
  199   0.45646E-08
  200   0.49541E-08
  201   0.49059E-08
  202   0.47885E-08
  203   0.52561E-08
  204   0.50022E-08
  205   0.47055E-08
  206   0.48115E-08
  207   0.48029E-08
  208   0.42566E-08
  209   0.47754E-08
  210   0.49930E-08
  211   0.51158E-08
  212   0.40986E-08
  213   0.38411E-08
  214   0.94319E-08
  215   0.13687E-09
  216   0.48524E-09
  217   0.43822E-08
  218   0.14877E-09
  219   0.91097E-08
  220   0.53149E-08
  221   0.38202E-08
  222   0.62020E-08
  223   0.47200E-08
  224   0.57190E-08
  225   0.46531E-08
  226   0.52808E-08
  227   0.44983E-08
  228   0.48289E-08
  229   0.51160E-08
  230   0.50401E-08
  231   0.48498E-08
  232   0.51539E-08
  233   0.49499E-08
  234   0.44451E-08
  235   0.43154E-08
  236   0.46260E-08
  237   0.47903E-08
  238   0.51922E-08
  239   0.48639E-08
  240   0.49793E-08
  241   0.46394E-08
  242   0.51960E-08
  243   0.45800E-08
  244   0.54304E-08
  245   0.38969E-08
  246   0.34633E-08
  247   0.78554E-08
  248   0.11744E-09
  249   0.48268E-09
  250   0.11617E-07
  251   0.65539E-08
  252   0.97748E-08
  253   0.43058E-08
  254   0.31324E-08
  255   0.55615E-08
  256   0.42124E-08
  257   0.51839E-08
  258   0.42096E-08
  259   0.47299E-08
  260   0.50540E-08
  261   0.52863E-08
  262   0.47705E-08
  263   0.48860E-08
  264   0.48997E-08
  265   0.48085E-08
  266   0.46506E-08
  267   0.44855E-08
  268   0.39437E-08
  269   0.36054E-08
  270   0.35238E-08
  271   0.37079E-08
  272   0.41510E-08
  273   0.48463E-08
  274   0.51247E-08
  275   0.47601E-08
  276   0.47888E-08
  277   0.47263E-08
  278   0.45392E-08
  279   0.47838E-08
  280   0.55647E-08
  281   0.30655E-08
  282   0.64901E-08
  283   0.96474E-10
  284   0.45218E-09
  285   0.56182E-09
  286   0.33669E-09
  287   0.42688E-09
  288   0.10052E-09
  289   0.64103E-08
  290   0.62904E-08
  291   0.55985E-08
  292   0.40850E-08
  293   0.43436E-08
  294   0.45287E-08
  295   0.47958E-08
  296   0.48743E-08
  297   0.49533E-08
  298   0.50272E-08
  299   0.50305E-08
  300   0.45156E-08
  301   0.44452E-08
  302   0.39353E-08
  303   0.34777E-08
  304   0.31287E-08
  305   0.29252E-08
  306   0.28812E-08
  307   0.30091E-08
  308   0.33096E-08
  309   0.37722E-08
  310   0.43643E-08
  311   0.45620E-08
  312   0.48109E-08
  313   0.51290E-08
  314   0.48684E-08
  315   0.43162E-08
  316   0.50617E-08
  317   0.58288E-08
  318   0.52534E-08
  319   0.72318E-10
  320   0.14143E-09
  321   0.27464E-09
  322   0.86836E-09
  323   0.13571E-07
  324   0.59523E-09
  325   0.12745E-09
  326   0.78881E-08
  327   0.33674E-08
  328   0.56623E-08
  329   0.45594E-08
  330   0.51136E-08
  331   0.50662E-08
  332   0.50355E-08
  333   0.48778E-08
  334   0.48670E-08
  335   0.44291E-08
  336   0.40284E-08
  337   0.36552E-08
  338   0.32925E-08
  339   0.29648E-08
  340   0.26922E-08
  341   0.24884E-08
  342   0.23743E-08
  343   0.23655E-08
  344   0.24712E-08
  345   0.26951E-08
  346   0.30360E-08
  347   0.34968E-08
  348   0.40961E-08
  349   0.49148E-08
  350   0.49529E-08
  351   0.50426E-08
  352   0.49230E-08
  353   0.44981E-08
  354   0.49202E-08
  355   0.40804E-08
  356   0.76408E-08
  357   0.89066E-10
  358   0.19854E-09
  359   0.73590E-09
  360   0.12265E-07
  361   0.10395E-08
  362   0.72534E-09
  363   0.13751E-09
  364   0.82416E-08
  365   0.35374E-08
  366   0.37616E-08
  367   0.43038E-08
  368   0.50877E-08
  369   0.53212E-08
  370   0.46296E-08
  371   0.39167E-08
  372   0.34758E-08
  373   0.31627E-08
  374   0.29005E-08
  375   0.26634E-08
  376   0.24459E-08
  377   0.22524E-08
  378   0.20941E-08
  379   0.19835E-08
  380   0.19329E-08
  381   0.19534E-08
  382   0.20540E-08
  383   0.22418E-08
  384   0.25246E-08
  385   0.29178E-08
  386   0.34585E-08
  387   0.42255E-08
  388   0.48500E-08
  389   0.51756E-08
  390   0.53025E-08
  391   0.52741E-08
  392   0.40565E-08
  393   0.31134E-08
  394   0.54896E-08
  395   0.10449E-07
  396   0.14131E-09
  397   0.57078E-09
  398   0.63202E-09
  399   0.87365E-09
  400   0.26152E-09
  401   0.11417E-09
  402   0.71667E-08
  403   0.32304E-08
  404   0.54585E-08
  405   0.50803E-08
  406   0.52235E-08
  407   0.49965E-08
  408   0.37048E-08
  409   0.30025E-08
  410   0.25898E-08
  411   0.23223E-08
  412   0.21262E-08
  413   0.19670E-08
  414   0.18322E-08
  415   0.17208E-08
  416   0.16372E-08
  417   0.15881E-08
  418   0.15816E-08
  419   0.16258E-08
  420   0.17293E-08
  421   0.19017E-08
  422   0.21557E-08
  423   0.25133E-08
  424   0.30154E-08
  425   0.37388E-08
  426   0.48226E-08
  427   0.52229E-08
  428   0.48058E-08
  429   0.43944E-08
  430   0.50962E-08
  431   0.52763E-08
  432   0.40294E-08
  433   0.72645E-08
  434   0.90705E-10
  435   0.15670E-09
  436   0.37717E-09
  437   0.17249E-08
  438   0.34058E-09
  439   0.14183E-09
  440   0.10604E-07
  441   0.51823E-08
  442   0.56551E-08
  443   0.46553E-08
  444   0.45040E-08
  445   0.52666E-08
  446   0.43438E-08
  447   0.30978E-08
  448   0.24035E-08
  449   0.20012E-08
  450   0.17543E-08
  451   0.15897E-08
  452   0.14715E-08
  453   0.13843E-08
  454   0.13232E-08
  455   0.12876E-08
  456   0.12799E-08
  457   0.13044E-08
  458   0.13668E-08
  459   0.14756E-08
  460   0.16415E-08
  461   0.18795E-08
  462   0.22129E-08
  463   0.26810E-08
  464   0.33505E-08
  465   0.43354E-08
  466   0.51685E-08
  467   0.48858E-08
  468   0.47527E-08
  469   0.41074E-08
  470   0.40505E-08
  471   0.63944E-08
  472   0.48013E-08
  473   0.78243E-08
  474   0.78842E-10
  475   0.14917E-09
  476   0.74061E-09
  477   0.16414E-08
  478   0.18790E-09
  479   0.75623E-10
  480   0.61766E-08
  481   0.33271E-08
  482   0.41190E-08
  483   0.46625E-08
  484   0.47443E-08
  485   0.50932E-08
  486   0.37623E-08
  487   0.26413E-08
  488   0.19854E-08
  489   0.15968E-08
  490   0.13615E-08
  491   0.12149E-08
  492   0.11142E-08
  493   0.10544E-08
  494   0.10260E-08
  495   0.10199E-08
  496   0.10409E-08
  497   0.10888E-08
  498   0.11638E-08
  499   0.12771E-08
  500   0.14395E-08
  501   0.16660E-08
  502   0.19788E-08
  503   0.24122E-08
  504   0.30205E-08
  505   0.38879E-08
  506   0.45948E-08
  507   0.48557E-08
  508   0.49674E-08
  509   0.44593E-08
  510   0.47795E-08
  511   0.45938E-08
  512   0.31564E-08
  513   0.48869E-08
  514   0.83200E-08
  515   0.10568E-09
  516   0.89171E-09
  517   0.20918E-09
  518   0.14813E-09
  519   0.85485E-08
  520   0.40021E-08
  521   0.49111E-08
  522   0.46029E-08
  523   0.49267E-08
  524   0.52938E-08
  525   0.48608E-08
  526   0.32739E-08
  527   0.22872E-08
  528   0.16814E-08
  529   0.13122E-08
  530   0.10832E-08
  531   0.95014E-09
  532   0.10185E-08
  533   0.98488E-09
  534   0.97327E-09
  535   0.98531E-09
  536   0.10148E-08
  537   0.92565E-09
  538   0.10057E-08
  539   0.11225E-08
  540   0.12822E-08
  541   0.14983E-08
  542   0.17917E-08
  543   0.21911E-08
  544   0.27384E-08
  545   0.34952E-08
  546   0.45291E-08
  547   0.47741E-08
  548   0.48960E-08
  549   0.45466E-08
  550   0.50175E-08
  551   0.52621E-08
  552   0.50181E-08
  553   0.36679E-08
  554   0.71447E-08
  555   0.11303E-09
  556   0.17339E-09
  557   0.19536E-09
  558   0.12411E-09
  559   0.67841E-08
  560   0.30760E-08
  561   0.37529E-08
  562   0.49180E-08
  563   0.50822E-08
  564   0.51344E-08
  565   0.42843E-08
  566   0.29199E-08
  567   0.20315E-08
  568   0.14620E-08
  569   0.11093E-08
  570   0.10380E-08
  571   0.89002E-09
  572   0.81014E-09
  573   0.78225E-09
  574   0.78677E-09
  575   0.81422E-09
  576   0.86488E-09
  577   0.94123E-09
  578   0.10405E-08
  579   0.10086E-08
  580   0.11614E-08
  581   0.13677E-08
  582   0.16434E-08
  583   0.20122E-08
  584   0.25072E-08
  585   0.31719E-08
  586   0.40709E-08
  587   0.47078E-08
  588   0.48463E-08
  589   0.47551E-08
  590   0.51175E-08
  591   0.41695E-08
  592   0.40032E-08
  593   0.31086E-08
  594   0.66109E-08
  595   0.12165E-09
  596   0.18215E-09
  597   0.11348E-08
  598   0.95397E-10
  599   0.60263E-08
  600   0.61170E-08
  601   0.53077E-08
  602   0.45070E-08
  603   0.48286E-08
  604   0.47982E-08
  605   0.40374E-08
  606   0.27413E-08
  607   0.18763E-08
  608   0.13136E-08
  609   0.95924E-09
  610   0.86325E-09
  611   0.72713E-09
  612   0.66119E-09
  613   0.64332E-09
  614   0.65868E-09
  615   0.69829E-09
  616   0.75866E-09
  617   0.83930E-09
  618   0.94162E-09
  619   0.92479E-09
  620   0.10720E-08
  621   0.12709E-08
  622   0.15311E-08
  623   0.18754E-08
  624   0.23320E-08
  625   0.29377E-08
  626   0.37412E-08
  627   0.47839E-08
  628   0.49593E-08
  629   0.49625E-08
  630   0.44854E-08
  631   0.48917E-08
  632   0.54016E-08
  633   0.61064E-08
  634   0.61266E-08
  635   0.10105E-09
  636   0.12377E-08
  637   0.10688E-08
  638   0.95458E-10
  639   0.62731E-08
  640   0.30401E-08
  641   0.37494E-08
  642   0.48438E-08
  643   0.49414E-08
  644   0.49866E-08
  645   0.41425E-08
  646   0.27358E-08
  647   0.18139E-08
  648   0.12226E-08
  649   0.10027E-08
  650   0.75288E-09
  651   0.61904E-09
  652   0.56278E-09
  653   0.55581E-09
  654   0.58142E-09
  655   0.63007E-09
  656   0.69730E-09
  657   0.78268E-09
  658   0.89162E-09
  659   0.10219E-08
  660   0.10205E-08
  661   0.12078E-08
  662   0.14544E-08
  663   0.17809E-08
  664   0.22156E-08
  665   0.27946E-08
  666   0.35630E-08
  667   0.45804E-08
  668   0.47832E-08
  669   0.48272E-08
  670   0.52953E-08
  671   0.47734E-08
  672   0.52582E-08
  673   0.59422E-08
  674   0.59969E-08
  675   0.99868E-10
  676   0.12395E-08
  677   0.17780E-09
  678   0.12217E-09
  679   0.78586E-08
  680   0.37895E-08
  681   0.46314E-08
  682   0.43174E-08
  683   0.46132E-08
  684   0.49704E-08
  685   0.45181E-08
  686   0.28737E-08
  687   0.18212E-08
  688   0.11719E-08
  689   0.93065E-09
  690   0.68003E-09
  691   0.55614E-09
  692   0.51154E-09
  693   0.51650E-09
  694   0.55255E-09
  695   0.60936E-09
  696   0.68222E-09
  697   0.77083E-09
  698   0.87759E-09
  699   0.10068E-08
  700   0.10038E-08
  701   0.11805E-08
  702   0.14138E-08
  703   0.17282E-08
  704   0.21553E-08
  705   0.27391E-08
  706   0.35383E-08
  707   0.46394E-08
  708   0.49655E-08
  709   0.51467E-08
  710   0.48076E-08
  711   0.53584E-08
  712   0.38332E-08
  713   0.29986E-08
  714   0.64332E-08
  715   0.11963E-09
  716   0.17945E-09
  717   0.22333E-09
  718   0.16632E-09
  719   0.10196E-07
  720   0.49792E-08
  721   0.60822E-08
  722   0.55543E-08
  723   0.45227E-08
  724   0.50852E-08
  725   0.45720E-08
  726   0.30847E-08
  727   0.18602E-08
  728   0.11478E-08
  729   0.88541E-09
  730   0.64310E-09
  731   0.53574E-09
  732   0.50829E-09
  733   0.52789E-09
  734   0.57541E-09
  735   0.64021E-09
  736   0.71765E-09
  737   0.80742E-09
  738   0.91183E-09
  739   0.10428E-08
  740   0.10321E-08
  741   0.11913E-08
  742   0.14112E-08
  743   0.17153E-08
  744   0.21437E-08
  745   0.27550E-08
  746   0.36383E-08
  747   0.49052E-08
  748   0.48137E-08
  749   0.50465E-08
  750   0.46343E-08
  751   0.50699E-08
  752   0.50701E-08
  753   0.38805E-08
  754   0.78328E-08
  755   0.12736E-09
  756   0.17669E-09
  757   0.17339E-08
  758   0.19714E-09
  759   0.81925E-10
  760   0.68599E-08
  761   0.38095E-08
  762   0.47641E-08
  763   0.41851E-08
  764   0.51101E-08
  765   0.50711E-08
  766   0.32676E-08
  767   0.18834E-08
  768   0.11268E-08
  769   0.86030E-09
  770   0.64446E-09
  771   0.56518E-09
  772   0.56104E-09
  773   0.59849E-09
  774   0.65878E-09
  775   0.73198E-09
  776   0.81267E-09
  777   0.90154E-09
  778   0.10047E-08
  779   0.97711E-09
  780   0.10973E-08
  781   0.12473E-08
  782   0.14513E-08
  783   0.17421E-08
  784   0.21704E-08
  785   0.28162E-08
  786   0.38033E-08
  787   0.47620E-08
  788   0.47159E-08
  789   0.48076E-08
  790   0.43678E-08
  791   0.45508E-08
  792   0.34581E-08
  793   0.60774E-08
  794   0.11758E-07
  795   0.16669E-09
  796   0.14029E-08
  797   0.16171E-08
  798   0.29509E-09
  799   0.12554E-09
  800   0.10405E-07
  801   0.55158E-08
  802   0.62974E-08
  803   0.51407E-08
  804   0.46872E-08
  805   0.49041E-08
  806   0.33313E-08
  807   0.18432E-08
  808   0.10971E-08
  809   0.86106E-09
  810   0.70018E-09
  811   0.66395E-09
  812   0.68707E-09
  813   0.74174E-09
  814   0.81900E-09
  815   0.90045E-09
  816   0.98432E-09
  817   0.10669E-08
  818   0.10124E-08
  819   0.11122E-08
  820   0.12252E-08
  821   0.13633E-08
  822   0.15474E-08
  823   0.18148E-08
  824   0.22284E-08
  825   0.28923E-08
  826   0.39773E-08
  827   0.50950E-08
  828   0.52518E-08
  829   0.42686E-08
  830   0.55279E-08
  831   0.62817E-08
  832   0.54178E-08
  833   0.10603E-07
  834   0.13727E-09
  835   0.31736E-09
  836   0.15382E-08
  837   0.64244E-09
  838   0.21661E-09
  839   0.11002E-09
  840   0.77511E-08
  841   0.36530E-08
  842   0.38988E-08
  843   0.50549E-08
  844   0.49271E-08
  845   0.31761E-08
  846   0.17115E-08
  847   0.10640E-08
  848   0.91622E-09
  849   0.85711E-09
  850   0.86684E-09
  851   0.92006E-09
  852   0.97926E-09
  853   0.94461E-09
  854   0.96362E-09
  855   0.10354E-08
  856   0.11261E-08
  857   0.12308E-08
  858   0.13333E-08
  859   0.14441E-08
  860   0.15697E-08
  861   0.17280E-08
  862   0.19565E-08
  863   0.23261E-08
  864   0.29627E-08
  865   0.40908E-08
  866   0.47948E-08
  867   0.48177E-08
  868   0.50668E-08
  869   0.42566E-08
  870   0.36445E-08
  871   0.75760E-08
  872   0.11498E-09
  873   0.25779E-09
  874   0.84533E-09
  875   0.82487E-09
  876   0.68864E-09
  877   0.15504E-09
  878   0.10051E-07
  879   0.43804E-08
  880   0.42636E-08
  881   0.50069E-08
  882   0.49660E-08
  883   0.27321E-08
  884   0.14959E-08
  885   0.10775E-08
  886   0.10606E-08
  887   0.93875E-09
  888   0.98901E-09
  889   0.10661E-08
  890   0.11405E-08
  891   0.12164E-08
  892   0.12854E-08
  893   0.13606E-08
  894   0.14527E-08
  895   0.15602E-08
  896   0.16770E-08
  897   0.17964E-08
  898   0.19176E-08
  899   0.20493E-08
  900   0.22220E-08
  901   0.25065E-08
  902   0.30432E-08
  903   0.40816E-08
  904   0.53080E-08
  905   0.48652E-08
  906   0.53089E-08
  907   0.46362E-08
  908   0.41298E-08
  909   0.89379E-08
  910   0.14033E-09
  911   0.71524E-09
  912   0.10228E-08
  913   0.14205E-07
  914   0.78301E-09
  915   0.18904E-09
  916   0.73267E-10
  917   0.49413E-08
  918   0.42439E-08
  919   0.52598E-08
  920   0.42647E-08
  921   0.20487E-08
  922   0.12951E-08
  923   0.11728E-08
  924   0.12164E-08
  925   0.13725E-08
  926   0.15088E-08
  927   0.15949E-08
  928   0.16512E-08
  929   0.16932E-08
  930   0.17405E-08
  931   0.18097E-08
  932   0.19106E-08
  933   0.20422E-08
  934   0.21937E-08
  935   0.23483E-08
  936   0.24907E-08
  937   0.26120E-08
  938   0.27246E-08
  939   0.28811E-08
  940   0.32235E-08
  941   0.40283E-08
  942   0.50690E-08
  943   0.53925E-08
  944   0.50812E-08
  945   0.45870E-08
  946   0.41760E-08
  947   0.90175E-08
  948   0.13454E-09
  949   0.59219E-09
  950   0.13295E-07
  951   0.77552E-09
  952   0.21394E-09
  953   0.86092E-10
  954   0.52514E-08
  955   0.53974E-08
  956   0.48996E-08
  957   0.26100E-08
  958   0.14101E-08
  959   0.13507E-08
  960   0.16295E-08
  961   0.19576E-08
  962   0.22130E-08
  963   0.23656E-08
  964   0.24174E-08
  965   0.24053E-08
  966   0.23759E-08
  967   0.23712E-08
  968   0.24210E-08
  969   0.25401E-08
  970   0.27250E-08
  971   0.29566E-08
  972   0.32014E-08
  973   0.34195E-08
  974   0.35912E-08
  975   0.36788E-08
  976   0.36972E-08
  977   0.37290E-08
  978   0.41284E-08
  979   0.47845E-08
  980   0.55455E-08
  981   0.49037E-08
  982   0.40723E-08
  983   0.38358E-08
  984   0.82115E-08
  985   0.11376E-09
  986   0.44057E-09
  987   0.18042E-09
  988   0.22993E-09
  989   0.10765E-09
  990   0.46625E-08
  991   0.50833E-08
  992   0.29773E-08
  993   0.13779E-08
  994   0.14164E-08
  995   0.20756E-08
  996   0.28046E-08
  997   0.33374E-08
  998   0.36721E-08
  999   0.37756E-08
 1000   0.36908E-08
 1001   0.35181E-08
 1002   0.33425E-08
 1003   0.32277E-08
 1004   0.32387E-08
 1005   0.33897E-08
 1006   0.36767E-08
 1007   0.40700E-08
 1008   0.45147E-08
 1009   0.49223E-08
 1010   0.47337E-08
 1011   0.48495E-08
 1012   0.47930E-08
 1013   0.50126E-08
 1014   0.45269E-08
 1015   0.52793E-08
 1016   0.62786E-08
 1017   0.66191E-08
 1018   0.49395E-08
 1019   0.33370E-08
 1020   0.74009E-08
 1021   0.85251E-10
 1022   0.99465E-08
 1023   0.50091E-09
 1024   0.23689E-09
 1025   0.41986E-08
 1026   0.35127E-08
 1027   0.15355E-08
 1028   0.19850E-08
 1029   0.29849E-08
 1030   0.40430E-08
 1031   0.45483E-08
 1032   0.50995E-08
 1033   0.48214E-08
 1034   0.47629E-08
 1035   0.50122E-08
 1036   0.46141E-08
 1037   0.46853E-08
 1038   0.43730E-08
 1039   0.43211E-08
 1040   0.45257E-08
 1041   0.49718E-08
 1042   0.50449E-08
 1043   0.51274E-08
 1044   0.51037E-08
 1045   0.49249E-08
 1046   0.52358E-08
 1047   0.45348E-08
 1048   0.49755E-08
 1049   0.52447E-08
 1050   0.23608E-08
 1051  -0.16484E-08
 1052  -0.81798E-08
 1053   0.41647E-08
 1054   0.58442E-08
 1055   0.11306E-09
 1056   0.14007E-09
 1057   0.55014E-08
 1058   0.47398E-08
 1059   0.45395E-08
 1060   0.50184E-08
 1061   0.49597E-08
 1062   0.47455E-08
 1063   0.47498E-08
 1064   0.46864E-08
 1065   0.46390E-08
 1066   0.50618E-08
 1067   0.49924E-08
 1068   0.45311E-08
 1069   0.46581E-08
 1070   0.52916E-08
 1071   0.47740E-08
 1072   0.51312E-08
 1073   0.48136E-08
 1074   0.47491E-08
 1075   0.48057E-08
 1076   0.48478E-08
 1077   0.45696E-08
 1078   0.41925E-08
 1079   0.47650E-08
 1080   0.51841E-08
 1081   0.52394E-08
 1082   0.46661E-08
 1083   0.48124E-08
 1084  -0.10382E-08
 1085  -0.18416E-07
 1086  -0.38167E-07
 1087  -0.31098E-07
 1088   0.93572E-08
 1089   0.30554E-08
 1090   0.37094E-08
 1091   0.32820E-08
 1092   0.31106E-08
 1093   0.47164E-08
 1094   0.50883E-08
 1095   0.51617E-08
 1096   0.41159E-08
 1097   0.42998E-08
 1098   0.42340E-08
 1099   0.52882E-08
 1100   0.45775E-08
 1101   0.47686E-08
 1102   0.49337E-08
 1103   0.49768E-08
 1104   0.47036E-08
 1105   0.49105E-08
 1106   0.47991E-08
 1107   0.46460E-08
 1108   0.45608E-08
 1109   0.41635E-08
 1110   0.50858E-08
 1111   0.39725E-08
 1112   0.47030E-08
 1113   0.53615E-08
 1114   0.57183E-08
 1115   0.56463E-08
 1116   0.49513E-08
 1117   0.78283E-08
 1118  -0.84029E-07
 1119  -0.12593E-06
 1120  -0.97963E-07
 1121   0.20932E-09
 1122   0.26281E-09
 1123   0.58966E-08
 1124   0.31446E-08
 1125   0.51733E-08
 1126   0.49678E-08
 1127   0.51411E-08
 1128   0.51728E-08
 1129   0.49514E-08
 1130   0.44017E-08
 1131   0.55869E-08
 1132   0.43188E-08
 1133   0.44918E-08
 1134   0.46123E-08
 1135   0.52970E-08
 1136   0.44825E-08
 1137   0.41891E-08
 1138   0.53140E-08
 1139   0.50885E-08
 1140   0.42733E-08
 1141   0.54892E-08
 1142   0.32053E-08
 1143   0.41961E-08
 1144   0.54003E-08
 1145   0.66087E-08
 1146   0.78735E-08
 1147   0.92466E-08
 1148   0.11860E-07
 1149   0.11835E-09
 1150  -0.34357E-06
 1151   0.26125E-09
 1152   0.10859E-07
 1153   0.63443E-08
 1154   0.52531E-08
 1155   0.51760E-08
 1156   0.46023E-08
 1157   0.45773E-08
 1158   0.43350E-08
 1159   0.37331E-08
 1160   0.63086E-08
 1161   0.44632E-08
 1162   0.48343E-08
 1163   0.50230E-08
 1164   0.45288E-08
 1165   0.48615E-08
 1166   0.43886E-08
 1167   0.50501E-08
 1168   0.50662E-08
 1169   0.31700E-08
 1170   0.42984E-08
 1171   0.57814E-08
 1172   0.80688E-08
 1173   0.78453E-10
 1174   0.10663E-09
 1175   0.13092E-09
 1176   0.15415E-09
 1177   0.17179E-09
 1178   0.36503E-09
 1179   0.83991E-08
 1180   0.23440E-09
 1181   0.19938E-09
 1182   0.95874E-08
 1183   0.93823E-08
 1184   0.96568E-08
 1185   0.92750E-08
 1186   0.77226E-08
 1187   0.54287E-08
 1188   0.33686E-08
 1189   0.47343E-08
 1190   0.53429E-08
 1191   0.47686E-08
 1192   0.52157E-08
 1193   0.42172E-08
 1194   0.56498E-08
 1195   0.36273E-08
 1196   0.53906E-08
 1197   0.78811E-08
 1198   0.11067E-07
 1199   0.93926E-10
 1200   0.15211E-09
 1201   0.51264E-09
 1202   0.56264E-09
 1203   0.56844E-09
 1204   0.13946E-09
 1205   0.19440E-09
 1206   0.10155E-09
 1207   0.12492E-09
 1208   0.14216E-09
 1209   0.14498E-09
 1210   0.11735E-09
 1211   0.10646E-07
 1212   0.59032E-08
 1213   0.35559E-08
 1214   0.56885E-08
 1215   0.50577E-08
 1216   0.55425E-08
 1217   0.31699E-08
 1218   0.42144E-08
 1219   0.59389E-08
 1220   0.92562E-08
 1221   0.10019E-09
 1222   0.14929E-09
 1223   0.20690E-09
 1224   0.28899E-09
 1225   0.61151E-09
 1226   0.13358E-07
 1227   0.11742E-07
 1228   0.47325E-09
 1229   0.62063E-09
 1230   0.73870E-09
 1231   0.26368E-09
 1232   0.13853E-09
 1233   0.11453E-07
 1234   0.71449E-08
 1235   0.54454E-08
 1236   0.48301E-08
 1237   0.50412E-08
 1238   0.62718E-08
 1239   0.80826E-08
 1240   0.10912E-07
 1241   0.10276E-09
 1242   0.18410E-09
 1243   0.60633E-09
 1244   0.75482E-09
 1245   0.89647E-09
 1246   0.36196E-09
 1247   0.13811E-07
 1248   0.10545E-08
 1249   0.86612E-09
 1250   0.32066E-09
 1251   0.16412E-09
 1252   0.12016E-09
 1253   0.10050E-09
 1254   0.77062E-10
 1255   0.77097E-10
 1256   0.98012E-10
 1257   0.12703E-09
 1258   0.14795E-09
 1259   0.22322E-09
 1260   0.50676E-09
 1261   0.69855E-09
 1262   0.12700E-07
 1263   0.15480E-08
 1264   0.13912E-08
 1265   0.16699E-09
 1266   0.15920E-09
 1267   0.93765E-09
 1268   0.87992E-09
 1269   0.14301E-09
 1270   0.17288E-09
 1271   0.12670E-08
 1272   0.11733E-08
